1095517522,-1,-1,-1,4,6,20,11110000000000000000
RELATIONCAT,6,4,4,4,20
ATTRIBUTECAT,6,4,5,5,20
Numbers,1,166464,6,1416,118
BigNumbers,1,1464,1417,1429,118
NULL,1,1464,1417,1429,118
NULL,1,1464,1417,1429,118
NULL,1,1464,1417,1429,118
NULL,1,1464,1417,1429,118
NULL,1,1464,1417,1429,118
NULL,1,1464,1417,1429,118
NULL,1,1464,1417,1429,118
NULL,1,1464,1417,1429,118
NULL,1,1464,1417,1429,118
NULL,1,1464,1417,1429,118
NULL,1,1464,1417,1429,118
NULL,1,1464,1417,1429,118
NULL,1,1464,1417,1429,118
NULL,1,1464,1417,1429,118
NULL,1,1464,1417,1429,118
NULL,1,1464,1417,1429,118
